    85 % fist section header
     1 % monitor type
     2 % ??
     1 % size
    99 % size
     0 % size
   122
    58
    85 % section 1 start
     1 % section number
    99 % size
    34
     1
     1
     1
     3
     0
     0
     1
     0
    37
     0
     0
     0
    10
     1
     9
    10
     1
     9
    10
     1
     9
    10
     1
     9
     0
     0
     0
     0
     0
     0
     0
     0
     0
     0
     0
     0
     0
     0
     0
     0
     0
     0
     0
     0
     0
     0
     0
     0
     0
     0
     0
     0
     0
     0
   128
     0
     0
     0
     0
     0
     0
     0
    10
     1
     9
     2
    85
    21
     1
     3
     0
   116
   144
    25
     0
    50
     2
    51
     1
     0
    66
     0
     0
    51
     1
     0
     0
     0
     0
   129
   147
     0
     0
     0
     0
     0
     0
   185
     0
     0
     0
     0
     0
     0
     0
     0
     0
     0
     0
     0
     0
     0
     0
     0
     0
     0
     0
     0
     0
     0
     0
     0
     0
     0
     0
     0
     0
     0
     0
     0
     0
     0
     0
     0
     0
     0
     0
     0
     0
     0
     0
     0
     0
     0
     0
     0
     0
     0
     0
     0
     0
     0
     0
     0
     0
     0
     0
     0
     0
     0
     0
     0
     0
     0
     0
     0
     0
     0
     0
     0
     0
     0
     0
     0
     0
     0
     0
     0
     0
     0
     0
     0
     0
     0
     0
     0
     0
     0
     0
     0
     0
     0
     0
     0
     0
     0
     0
     0
     0
     0
     0
     0
     0
     0
     0
     0
     0
     0
     0
     0
     0
     0
     0
     0
     0
     0
     0
     0
     0
   200
    92
   242
   234
    83
   204
     4
    75
     2
   224
   211
   207
   240
   207
    98
    81
   254
   172
    42
    78
   227
   165
   164
   198
   231
   196
   174
   225
     8
    90
    10
   209
     7